# int1 = +99 # 12313131
# adradadadadad #adjadaadadadad
# int2 = 0.7t
# eint3 = 0"
# int4 = -17
# hex1 = 0xDEADBEEF
# hex2 = 0xdeadbeef
# ex3 = 0xdead_beef
oct1 = 0o01234567
oct2 = 0o755 
bin1 = 0b11010110
flt1 = +1.0
flt2 = 3.1415
flt3 = -0.01 # adadaad
flt4 = 5e+22
flt5 = 1e06
flt6 = -2E-2
flt7 = 6.626e-34
odt1 = 1979-05-27T07:32:00Z
odt2 = 1979-05-27T00:32:00-07:00
odt3 = 1979-05-27T00:32:00.999999-07:00
odt4 = 1979-05-27 07:32:00Z
lt1 = 07:32:00
lt2 = 00:32:00.999999
