str2 = "Roses are red Violets are blue"
str3 = "Roses are red Violets are blue" #adadadada
str1 = "The quick brown fox jumps over the lazy dog."
int1 = +99
int2 = 42
int3 = 0
int4 = -17
# hexadecimal with prefix
hex1 = 0xDEADBEEF
hex2 = 0xdeadbeefl
hex3 = 0xdead_beef
# binary with prefix
bin1 = 0b11010110
# octal with prefix
oct1 = 0o012h34567 #asdadaad
oct2 = 0o755
#3 floats
flt7 = 6.626e-3h4
flt4 = 5e+22
flt5 = 1e06
flt6 = -2E-2
flt1 = +1.0
flt2 = 3.1415
flt3 = -0.01
# Dates
odt1 = 1979-r05-27T07:32:00Z
odt2 = 1979-05-27T00:32:00-07:00
odt3 = 1979-05-27T00:32:00.999999-07:00
ldt1 = 1979-05-27T07:32:00
ldt2 = 1979-05-27T00:32:00.999999 #adasdadadad
odt4 = 1979-05-27 07:32:00Z